20	41952104	41952104	41952106	2	21	10	28	55	4	13	73.61	93.3	21	10	28	55	4	13	5522:5585	6017:6036	5670:6030	5548:5946	not_transduction	0	0	0	0	28	1	54	Not-3mer-Inversion	High-confident	276
21	19517313	19517296	19517313	17	12	25	73	88	13	30	65.44	101.53	12	25	73	88	13	30	2662:2715	5965:6019	5614:6037	2690:2974	not_transduction	0	0	0	0	73	1	87	Not-3mer-Inversion	High-confident	3347
21	29069186	29069170	29069186	16	5	17	55	56	6	11	120.45	81.43	5	17	55	56	6	11	6054:6081	3878:3949	3610:3919	5688:6102	not_transduction	0	0	0	1	54	53	3	3mer-Inversion	High-confident	2492
21	9495848	9495833	9495848	15	4	6	46	17	4	1	176.36	110.73	4	6	46	17	4	1	5982:5989	5672:5701	5701:5922	5737:6033	not_transduction	0	0	0	44	2	16	1	Not-3mer-Inversion	High-confident	332
1	49428738	49428738	49428756	18	15	6	15	47	3	12	100.09	127.18	15	6	15	47	3	12	507:570	6019:6024	5720:5892	547:1076	not_transduction	0	0	0	0	15	1	46	Not-3mer-Inversion	High-confident	5345
1	83609734	83609734	83609738	4	17	9	18	44	2	9	79.89	83.59	17	9	18	44	2	9	4305:4374	6005:6018	5757:6024	4343:4546	not_transduction	0	0	0	0	18	1	43	Not-3mer-Inversion	High-confident	1681
1	42483970	42483960	42483970	10	3	14	44	47	8	6	118.58	104.68	3	14	44	47	8	6	6098:6100	4592:4626	4588:5003	5626:6041	not_transduction	0	0	0	44	0	46	1	Not-3mer-Inversion	High-confident	1453
1	221827821	221827802	221827821	19	7	17	53	32	48	30	66.88	105.31	7	17	53	32	48	30	6078:6098	5994:6050	5671:6047	5668:5891	not_transduction	0	0	0	0	53	1	31	Not-3mer-Inversion	High-confident	220
1	75192906	75192889	75192906	17	11	12	29	41	3	12	111.6	97.33	11	12	29	41	3	12	2381:2404	5989:6005	5669:6029	2398:2673	not_transduction	0	0	0	0	29	0	41	Not-3mer-Inversion	High-confident	3631
1	84833987	84833977	84833987	10	27	49	14	13	36	14	100.45	98.04	27	49	14	13	36	14	6043:6094	5972:6040	5989:6083	6011:6094	not_transduction	0	0	0	13	1	13	0	Not-3mer-Inversion	High-confident	105
3	181192848	181192826	181192848	22	5	46	113	57	7	4	101.58	63.74	5	46	113	57	7	4	6102:6103	2909:2977	2930:3359	5616:6077	not_transduction	0	0	0	113	0	57	0	Not-3mer-Inversion	High-confident	3147
3	38626082	38626065	38626082	17	4	17	57	28	13	3	115.69	83.8	4	17	57	28	13	3	6039:6056	12:74	51:325	5850:6068	not_transduction	0	0	0	57	0	28	0	Not-3mer-Inversion	High-confident	6017
3	55788580	55788571	55788580	9	23	34	96	39	26	14	86.43	71.43	23	34	96	39	26	14	5999:6025	11:79	52:435	5730:6065	not_transduction	0	0	0	95	1	39	0	Not-3mer-Inversion	High-confident	6013
3	101279657	101279643	101279657	14	5	22	54	50	6	1	107.25	87.17	5	22	54	50	6	1	6090:6095	15:60	51:289	5770:6060	not_transduction	0	0	0	54	0	50	0	Not-3mer-Inversion	High-confident	6009
3	186372145	186372123	186372145	22	7	15	50	40	7	0	106.31	75.48	7	15	50	40	7	0	6017:6018	18:72	50:457	5766:6045	not_transduction	0	0	0	50	0	40	0	Not-3mer-Inversion	High-confident	5995
3	193354155	193354155	193354185	30	26	9	45	46	22	13	98.04	121.84	26	9	45	46	22	13	5002:5057	5982:5992	5788:6042	5038:5390	not_transduction	0	0	0	0	45	0	46	Not-3mer-Inversion	High-confident	1004
3	143121770	143121758	143121770	12	7	15	30	66	5	29	98.01	102.27	7	15	30	66	5	29	15:59	6015:6018	5711:6068	56:403	not_transduction	0	0	0	1	29	1	65	Not-3mer-Inversion	High-confident	6012
3	176091328	176091323	176091328	5	42	54	44	43	50	8	108.66	104.23	42	54	44	43	50	8	6077:6093	5916:5987	5954:6092	5956:6073	not_transduction	0	0	0	44	0	43	0	Not-3mer-Inversion	High-confident	119
3	123590726	123590712	123590726	14	12	27	98	81	21	5	78.27	56.27	12	27	98	81	21	5	5965:6021	12:77	51:416	5546:6067	not_transduction	0	0	0	97	1	81	0	Not-3mer-Inversion	High-confident	6016
3	81990992	81990992	81991006	14	18	8	31	56	0	9	101.06	107.58	18	8	31	56	0	9	48:74	6005:6019	5813:6096	51:501	not_transduction	0	0	0	0	31	1	55	Not-3mer-Inversion	High-confident	6045
3	20748891	20748891	20748904	13	16	7	32	50	3	10	93.59	99.29	16	7	32	50	3	10	10:58	6016:6018	5763:6057	48:414	not_transduction	0	0	0	0	32	1	49	Not-3mer-Inversion	High-confident	6009
3	59852903	59852889	59852903	14	5	14	72	38	6	4	89.72	79.38	5	14	72	38	6	4	5987:6029	5155:5178	5131:5480	5617:6034	not_transduction	0	0	0	72	0	37	1	Not-3mer-Inversion	High-confident	903
3	84593273	84593273	84593288	15	14	5	29	45	12	8	89.98	112.5	14	5	29	45	12	8	5125:5190	6089:6094	5837:6053	4970:5455	not_transduction	0	0	0	1	28	38	7	3mer-Inversion	High-confident	1083
3	89022330	89022330	89022345	15	32	17	26	105	16	25	70.33	106.12	32	17	26	105	16	25	4254:4324	6016:6071	5549:6065	3911:4293	not_transduction	0	0	0	6	20	99	6	3mer-Inversion	High-confident	2154
2	36570242	36570242	36570259	17	16	3	30	38	2	7	82.71	102.1	16	3	30	38	2	7	51:72	6005:6017	5804:6053	51:318	not_transduction	0	0	0	0	30	0	38	Not-3mer-Inversion	High-confident	6002
2	82098027	82098027	82098043	16	21	13	41	37	23	3	108.41	103.5	21	13	41	37	23	3	5967:6018	15:68	56:294	5744:6029	not_transduction	0	0	0	41	0	36	1	Not-3mer-Inversion	High-confident	5973
2	147020933	147020924	147020933	9	31	54	124	58	33	8	105.34	76.95	31	54	124	58	33	8	6041:6098	4574:4647	4614:4913	5684:6068	not_transduction	0	0	0	124	0	57	1	Not-3mer-Inversion	High-confident	1454
2	130852884	130852884	130852899	15	5	5	8	17	2	7	98.32	85.65	5	5	8	17	2	7	34:35	6019:6023	5977:6048	51:230	not_transduction	0	0	0	0	8	2	15	Not-3mer-Inversion	High-confident	5997
2	137156469	137156510	137156469	41	7	8	27	47	21	5	82.95	80.36	7	8	27	47	21	5	4711:4711	5638:5668	5574:6046	4792:4982	not_transduction	0	0	0	0	27	0	47	Not-3mer-Inversion	High-confident	1254
2	22706339	22706322	22706339	17	10	20	45	50	16	12	109.99	93.36	10	20	45	50	16	12	6070:6099	5171:5226	4703:5221	5726:6061	not_transduction	0	0	0	0	45	47	3	3mer-Inversion	High-confident	1358
2	178676260	178676244	178676260	16	14	21	19	9	2	25	110.9	98.44	14	21	19	9	2	25	5837:5891	5962:6052	5901:6006	5887:6021	not_transduction	0	0	0	1	18	1	8	Not-3mer-Inversion	High-confident	120
2	35879357	35879336	35879357	21	3	12	35	38	31	22	93.52	84.69	3	12	35	38	31	22	6018:6018	18:48	56:330	5542:6083	not_transduction	0	0	0	35	0	38	0	Not-3mer-Inversion	High-confident	6027
2	235519810	235519793	235519810	17	21	45	67	51	31	1	80.04	67.25	21	45	67	51	31	1	6005:6018	4971:5042	5011:5327	5555:6026	not_transduction	0	0	0	67	0	51	0	Not-3mer-Inversion	High-confident	1015
2	144304963	144304963	144304976	13	20	4	30	57	4	8	78.55	108.91	20	4	30	57	4	8	12:69	6046:6052	5784:6066	50:449	not_transduction	0	0	0	0	30	0	57	Not-3mer-Inversion	High-confident	6016
2	24796771	24796756	24796771	15	4	12	53	26	8	0	113.49	119.7	4	12	53	26	8	0	5994:5994	4133:4181	3779:4147	5774:6080	not_transduction	0	0	0	0	53	21	5	3mer-Inversion	High-confident	2301
2	23190996	23190996	23191016	20	10	4	38	45	1	9	97.0	98.63	10	4	38	45	1	9	51:86	6084:6093	5855:6062	51:360	not_transduction	0	0	0	0	38	0	45	Not-3mer-Inversion	High-confident	6011
2	181000555	181000539	181000555	16	14	19	61	36	19	19	109.32	89.7	14	19	61	36	19	19	5963:6018	4718:4786	4335:4739	5750:6029	not_transduction	0	0	0	0	61	30	6	3mer-Inversion	High-confident	1694
5	89450781	89450768	89450781	13	20	24	95	66	35	3	77.6	69.46	20	24	95	66	35	3	5998:6035	18:73	50:382	5540:6068	not_transduction	0	0	0	95	0	66	0	Not-3mer-Inversion	High-confident	6018
5	33797543	33797543	33797557	14	16	6	44	53	9	12	97.66	95.25	16	6	44	53	9	12	10:68	6018:6022	5792:6047	50:553	not_transduction	0	0	0	1	43	0	53	Not-3mer-Inversion	High-confident	5997
5	33633334	33633334	33633348	14	24	14	20	67	14	16	104.73	104.1	24	14	20	67	14	16	5555:5623	5986:6017	5734:6045	5332:5604	not_transduction	0	0	0	0	20	65	2	3mer-Inversion	High-confident	713
5	109480257	109480257	109480269	12	26	6	28	116	1	14	54.72	80.65	26	6	28	116	1	14	11:83	6017:6027	5520:6048	51:564	not_transduction	0	0	0	0	28	1	115	Not-3mer-Inversion	High-confident	5997
5	154873930	154873930	154873937	7	25	8	22	9	6	15	88.27	101.85	25	8	22	9	6	15	5945:6013	5991:6018	5980:6049	5974:6020	not_transduction	0	0	0	0	22	0	9	Not-3mer-Inversion	High-confident	40
5	10201733	10201714	10201733	19	6	20	45	37	7	1	106.54	96.1	6	20	45	37	7	1	6022:6023	5485:5556	5525:5942	5775:6115	not_transduction	0	0	0	44	1	36	1	Not-3mer-Inversion	High-confident	590
4	69572738	69572738	69572779	41	21	7	20	46	0	20	108.6	121.67	21	7	20	46	0	20	19:77	5992:6018	5806:6027	52:416	not_transduction	0	0	0	0	20	0	46	Not-3mer-Inversion	High-confident	5975
4	80768545	80768517	80768545	28	16	17	52	27	20	27	96.14	89.94	16	17	52	27	20	27	5977:6017	5450:5482	5436:5774	5718:6061	not_transduction	0	0	0	52	0	27	0	Not-3mer-Inversion	High-confident	625
4	103343752	103343745	103343752	7	3	24	59	35	3	4	113.41	80.18	3	24	59	35	3	4	6040:6054	4218:4287	4244:4563	5702:6073	not_transduction	0	0	0	59	0	35	0	Not-3mer-Inversion	High-confident	1829
4	104214686	104214670	104214686	16	5	56	92	25	5	21	90.57	56.27	5	56	92	25	5	21	6071:6080	5222:5293	5257:5612	5512:6061	not_transduction	0	0	0	92	0	24	1	Not-3mer-Inversion	High-confident	804
4	127596192	127596209	127596192	17	3	15	46	46	4	8	104.39	65.69	3	15	46	46	4	8	6018:6018	5558:5595	5598:5948	5651:6060	not_transduction	0	0	0	46	0	46	0	Not-3mer-Inversion	High-confident	462
4	47007789	47007789	47007785	4	46	5	74	140	1	7	47.0	93.35	46	5	74	140	1	7	5624:5696	6064:6067	5651:6051	5655:5968	not_transduction	0	0	0	0	74	0	140	Not-3mer-Inversion	High-confident	317
4	138177333	138177324	138177333	9	31	41	103	83	31	36	109.14	71.99	31	41	103	83	31	36	5967:6043	4529:4598	4560:5066	5564:6047	not_transduction	0	0	0	102	1	82	1	Not-3mer-Inversion	High-confident	1487
4	147225281	147225281	147225296	15	16	14	48	46	16	2	106.87	98.12	16	14	48	46	16	2	5962:6008	14:60	50:296	5718:6023	not_transduction	0	0	0	47	1	46	0	Not-3mer-Inversion	High-confident	5973
4	132181643	132181643	132181664	21	12	8	35	53	0	10	97.23	84.99	12	8	35	53	0	10	20:69	6017:6043	5732:6054	50:327	not_transduction	0	0	0	0	35	0	53	Not-3mer-Inversion	High-confident	6004
4	57497052	57497052	57497064	12	20	8	44	58	3	11	77.5	106.92	20	8	44	58	3	11	5509:5549	6019:6053	5724:6060	5184:5555	not_transduction	0	0	0	7	37	54	4	3mer-Inversion	High-confident	876
4	18162679	18162679	18162689	10	23	11	27	72	4	12	66.19	106.39	23	11	27	72	4	12	4436:4499	6004:6028	5786:6040	4182:4469	not_transduction	0	0	0	4	23	67	5	3mer-Inversion	High-confident	1858
7	110484744	110484750	110484744	6	27	31	11	11	27	17	106.13	100.21	27	31	11	11	27	17	5968:6018	5952:6021	5992:6039	5976:6031	not_transduction	0	0	0	11	0	9	2	Not-3mer-Inversion	High-confident	39
7	107829263	107829248	107829263	15	9	21	39	11	24	0	103.68	103.59	9	21	39	11	24	0	5981:6018	17:75	32:346	5714:5945	not_transduction	0	0	0	39	0	10	1	Not-3mer-Inversion	High-confident	5913
7	62492946	62492929	62492946	17	7	25	99	53	9	4	79.74	51.97	7	25	99	53	9	4	6089:6097	4379:4442	4063:4446	5697:6062	not_transduction	0	0	0	2	97	53	0	3mer-Inversion	High-confident	1999
7	53652501	53652501	53652514	13	19	17	32	56	2	19	102.01	112.32	19	17	32	56	2	19	9:32	5982:6018	5819:6062	49:277	not_transduction	0	0	0	0	32	0	56	Not-3mer-Inversion	High-confident	6013
7	108325676	108325660	108325676	16	3	13	28	53	12	26	76.77	78.53	3	13	28	53	12	26	5985:5985	4916:4964	4752:4955	5790:6048	not_transduction	0	0	0	0	28	50	3	3mer-Inversion	High-confident	1296
7	85044746	85044736	85044746	10	5	17	75	39	5	11	102.49	99.47	5	17	75	39	5	11	6083:6098	4327:4386	3957:4395	5721:6060	not_transduction	0	0	0	0	75	36	3	3mer-Inversion	High-confident	2103
7	66591171	66591171	66591184	13	32	29	86	125	3	29	87.82	103.36	32	29	86	125	3	29	13:82	5964:6028	5759:6037	53:599	not_transduction	0	0	0	0	86	2	123	Not-3mer-Inversion	High-confident	5984
7	52789478	52789442	52789478	36	21	32	33	25	42	44	112.87	97.01	21	32	33	25	42	44	5992:6018	5748:5813	5783:5990	5796:6021	not_transduction	0	0	0	33	0	25	0	Not-3mer-Inversion	High-confident	238
7	8019027	8019011	8019027	16	8	18	57	54	10	3	104.86	83.31	8	18	57	54	10	3	6017:6031	14:75	50:316	5505:6043	not_transduction	0	0	0	57	0	54	0	Not-3mer-Inversion	High-confident	5993
7	84901727	84901727	84901725	2	40	10	73	54	6	10	55.72	77.26	40	10	73	54	6	10	5802:5867	6086:6103	5844:6066	5842:6112	not_transduction	0	0	0	0	73	0	54	Not-3mer-Inversion	High-confident	268
6	91669506	91669506	91669521	15	16	7	21	56	0	12	58.14	95.29	16	7	21	56	0	12	5083:5149	5985:5992	5767:6010	4777:5146	not_transduction	0	0	0	1	20	55	1	3mer-Inversion	High-confident	1233
6	102846091	102846091	102846094	3	17	13	40	51	0	16	94.18	97.94	17	13	40	51	0	16	26:71	6019:6019	5760:6054	50:494	not_transduction	0	0	0	0	40	0	51	Not-3mer-Inversion	High-confident	6004
6	74935575	74935575	74935590	15	34	4	44	62	0	5	88.29	116.16	34	4	44	62	0	5	2633:2700	6089:6089	5814:6118	2215:2700	not_transduction	0	0	0	2	42	56	6	3mer-Inversion	High-confident	3903
6	123853937	123853937	123853942	5	13	8	38	46	7	14	79.6	94.74	13	8	38	46	7	14	22:66	6017:6019	5757:6109	51:383	not_transduction	0	0	0	1	37	0	46	Not-3mer-Inversion	High-confident	6058
6	123647643	123647627	123647643	16	11	22	26	32	17	0	99.6	109.78	11	22	26	32	17	0	6005:6018	5900:5968	5468:5945	5316:5782	not_transduction	0	0	0	0	26	6	26	Not-3mer-Inversion	High-confident	314
6	142450097	142450097	142450110	13	18	14	28	38	4	15	94.33	112.33	18	14	28	38	4	15	12:74	5973:6026	5816:6028	62:387	not_transduction	0	0	0	0	28	0	38	Not-3mer-Inversion	High-confident	5966
6	148195808	148195788	148195808	20	10	19	43	38	11	2	87.99	82.27	10	19	43	38	11	2	5973:5987	3423:3486	3448:3674	5690:6028	not_transduction	0	0	0	43	0	37	1	Not-3mer-Inversion	High-confident	2580
6	13503049	13503035	13503049	14	25	44	74	87	32	10	90.89	75.24	25	44	74	87	32	10	5958:6001	13:74	53:340	5524:6044	not_transduction	0	0	0	72	2	86	1	Not-3mer-Inversion	High-confident	5991
6	157968736	157968736	157968753	17	21	9	45	107	8	10	49.96	85.89	21	9	45	107	8	10	22:72	5991:6017	5732:6036	52:572	not_transduction	0	0	0	0	45	0	107	Not-3mer-Inversion	High-confident	5984
6	126623609	126623609	126623598	11	31	12	56	44	7	13	93.01	110.48	31	12	56	44	7	13	5712:5783	6017:6026	5775:6096	5747:6001	not_transduction	0	0	0	0	56	0	44	Not-3mer-Inversion	High-confident	226
6	77980649	77980649	77980641	8	45	16	87	102	31	24	55.35	81.83	45	16	87	102	31	24	5235:5304	5978:6019	5482:6031	5263:5699	not_transduction	0	0	0	0	87	0	102	Not-3mer-Inversion	High-confident	217
6	102283764	102283764	102283771	7	29	11	17	114	7	18	62.0	110.22	29	11	17	114	7	18	4927:4996	6017:6053	5953:6005	4961:5336	not_transduction	0	0	0	0	17	1	113	Not-3mer-Inversion	High-confident	1044
6	68132349	68132349	68132363	14	19	11	28	57	15	16	107.12	105.78	19	11	28	57	15	16	5075:5118	6018:6019	5793:6119	5079:5534	not_transduction	0	0	0	0	28	1	56	Not-3mer-Inversion	High-confident	1040
9	32463894	32463894	32463883	11	52	31	61	54	8	40	70.33	90.62	52	31	61	54	8	40	5874:5940	5982:6044	5910:6046	5899:6002	not_transduction	0	0	0	1	60	1	53	Not-3mer-Inversion	High-confident	92
9	118083873	118083873	118083880	7	24	7	34	33	8	10	94.18	135.0	24	7	34	33	8	10	5094:5164	6003:6019	5797:6098	5015:5238	not_transduction	0	0	0	3	31	26	7	3mer-Inversion	High-confident	1083
9	82082777	82082777	82082793	16	15	3	15	56	15	5	69.65	118.48	15	3	15	56	15	5	2537:2604	6017:6017	5773:6054	2395:2745	not_transduction	0	0	0	2	13	50	6	3mer-Inversion	High-confident	3659
9	94416754	94416754	94416769	15	20	4	23	46	7	7	74.7	93.56	20	4	23	46	7	7	13:77	6102:6105	5846:6032	52:496	not_transduction	0	0	0	0	23	1	45	Not-3mer-Inversion	High-confident	5980
8	87315040	87315043	87315040	3	42	56	39	34	58	1	94.2	92.97	42	56	39	34	58	1	5965:6040	5929:6009	5963:6047	5967:6041	not_transduction	0	0	0	39	0	34	0	Not-3mer-Inversion	High-confident	78
8	5829282	5829282	5829282	0	11	11	24	64	2	12	86.14	73.82	11	11	24	64	2	12	5435:5453	5996:6018	5763:6002	5465:5871	not_transduction	0	0	0	0	24	2	62	Not-3mer-Inversion	High-confident	108
8	83740678	83740678	83740693	15	20	16	45	57	21	3	99.33	88.57	20	16	45	57	21	3	5959:6017	5427:5495	5221:5469	5600:6031	not_transduction	0	0	0	1	44	53	4	3mer-Inversion	High-confident	810
8	67381880	67381880	67381883	3	19	8	25	19	1	15	67.95	89.32	19	8	25	19	1	15	5834:5891	6001:6018	5865:6059	5868:5977	not_transduction	0	0	0	0	25	0	19	Not-3mer-Inversion	High-confident	112
8	131041235	131041218	131041235	17	9	16	50	53	11	16	85.0	86.03	9	16	50	53	11	16	5998:6019	4576:4612	4563:4951	5485:6029	not_transduction	0	0	0	50	0	53	0	Not-3mer-Inversion	High-confident	1466
8	62115160	62115145	62115160	15	3	22	55	27	4	0	109.23	95.04	3	22	55	27	4	0	5991:5991	4208:4271	3923:4250	5825:6067	not_transduction	0	0	0	2	53	25	2	3mer-Inversion	High-confident	2144
X	76411872	76411859	76411872	13	3	18	63	29	7	9	117.12	89.72	3	18	63	29	7	9	6053:6053	2768:2830	2811:3189	5556:6067	not_transduction	0	0	0	63	0	27	2	Not-3mer-Inversion	High-confident	3256
X	119892830	119892830	119892844	14	14	7	30	26	0	10	96.0	94.22	14	7	30	26	0	10	5842:5908	6003:6014	5892:6046	5878:6003	not_transduction	0	0	0	1	29	0	26	Not-3mer-Inversion	High-confident	111
X	14152001	14152001	14152012	11	16	14	47	67	2	16	92.97	80.02	16	14	47	67	2	16	4989:5051	5956:6017	5766:6038	5025:5366	not_transduction	0	0	0	0	47	0	67	Not-3mer-Inversion	High-confident	1013
X	120842923	120842923	120842899	24	16	6	35	27	1	10	85.72	90.38	16	6	35	27	1	10	5735:5765	5636:5662	5773:6092	5742:5973	not_transduction	0	0	0	0	35	1	26	Not-3mer-Inversion	High-confident	200
X	111557749	111557749	111557758	9	14	10	39	42	0	11	81.75	96.31	14	10	39	42	0	11	3:79	5996:6018	5817:6047	53:362	not_transduction	0	0	0	2	37	0	42	Not-3mer-Inversion	High-confident	5994
X	129525269	129525269	129525281	12	11	8	16	83	2	9	88.37	80.96	11	8	16	83	2	9	5046:5074	5994:6017	5666:6038	5065:5519	not_transduction	0	0	0	0	16	3	80	Not-3mer-Inversion	High-confident	973
X	122664856	122664856	122664872	16	37	8	88	126	29	8	76.1	91.93	37	8	88	126	29	8	4381:4424	6012:6024	5721:6103	4382:4856	not_transduction	0	0	0	1	87	0	126	Not-3mer-Inversion	High-confident	1721
11	110377878	110377878	110377889	11	27	13	69	85	4	21	62.5	71.02	27	13	69	85	4	21	12:72	6002:6019	5732:6044	50:340	not_transduction	0	0	0	1	68	1	84	Not-3mer-Inversion	High-confident	5994
11	43356955	43356940	43356955	15	4	12	26	7	7	0	92.6	84.71	4	12	26	7	7	0	6017:6025	5883:5928	5917:6068	5946:6099	not_transduction	0	0	0	25	1	7	0	Not-3mer-Inversion	High-confident	182
11	58171849	58171837	58171849	12	9	17	54	43	9	6	102.32	82.67	9	17	54	43	9	6	5966:5999	4563:4629	4593:4846	5635:6016	not_transduction	0	0	0	54	0	43	0	Not-3mer-Inversion	High-confident	1423
11	94684369	94684367	94684369	2	5	18	56	29	45	34	90.29	88.72	5	18	56	29	45	34	6042:6048	1939:2002	1964:2231	5642:6116	not_transduction	0	0	0	56	0	28	1	Not-3mer-Inversion	High-confident	4152
11	48755851	48755846	48755851	5	6	35	77	86	21	5	78.16	61.88	6	35	77	86	21	5	6098:6099	5709:5783	5734:5976	5758:6052	not_transduction	0	0	0	77	0	86	0	Not-3mer-Inversion	High-confident	318
11	104556128	104556128	104556130	2	16	5	14	59	2	23	60.38	78.67	16	5	14	59	2	23	4620:4689	6032:6042	5766:6014	4645:5151	not_transduction	0	0	0	0	14	0	59	Not-3mer-Inversion	High-confident	1369
11	134305647	134305647	134305642	5	30	29	55	80	10	37	58.97	83.63	30	29	55	80	10	37	5733:5804	5969:6018	5807:6039	5757:6009	not_transduction	0	0	0	0	55	1	79	Not-3mer-Inversion	High-confident	202
11	41831796	41831796	41831810	14	13	5	41	59	5	9	81.53	105.74	13	5	41	59	5	9	5469:5524	6060:6061	5795:6032	5082:5534	not_transduction	0	0	0	2	39	56	3	3mer-Inversion	High-confident	950
11	33670137	33670122	33670137	15	9	12	66	19	39	9	106.84	93.58	9	12	66	19	39	9	6010:6017	4770:4829	4467:4798	5813:6033	not_transduction	0	0	0	1	65	17	2	3mer-Inversion	High-confident	1566
10	68178146	68178129	68178146	17	7	19	77	40	8	6	99.18	107.21	7	19	77	40	8	6	5995:6016	2364:2418	2398:2818	5626:6030	not_transduction	0	0	0	77	0	40	0	Not-3mer-Inversion	High-confident	3632
10	25707688	25707688	25707696	8	32	9	69	90	9	14	71.73	83.26	32	9	69	90	9	14	10:70	5982:6011	5768:6046	53:417	not_transduction	0	0	0	0	69	1	89	Not-3mer-Inversion	High-confident	5993
10	110453470	110453466	110453470	4	3	19	54	34	7	15	107.48	80.52	3	19	54	34	7	15	6017:6018	5230:5286	5254:5631	5492:6037	not_transduction	0	0	0	54	0	34	0	Not-3mer-Inversion	High-confident	783
10	124455227	124455216	124455227	11	12	33	99	66	12	13	102.76	67.4	12	33	99	66	12	13	6061:6108	11:77	50:338	5669:6116	not_transduction	0	0	0	99	0	65	1	Not-3mer-Inversion	High-confident	6066
13	61734497	61734484	61734497	13	19	22	49	75	27	2	103.42	105.79	19	22	49	75	27	2	5986:6037	5466:5534	5156:5523	5494:6038	not_transduction	0	0	0	0	49	69	6	3mer-Inversion	High-confident	882
13	72968682	72968674	72968682	8	17	32	84	62	22	7	132.11	113.66	17	32	84	62	22	7	6043:6055	5459:5536	5495:5954	5536:6049	not_transduction	0	0	0	82	2	62	0	Not-3mer-Inversion	High-confident	554
13	107436424	107436424	107436439	15	13	4	20	37	0	5	71.2	85.44	13	4	20	37	0	5	14:45	6010:6016	5520:6020	50:389	not_transduction	0	0	0	0	20	0	37	Not-3mer-Inversion	High-confident	5970
13	61462335	61462335	61462344	9	45	17	75	96	4	22	74.95	88.59	45	17	75	96	4	22	10:77	5983:6019	5703:6060	50:538	not_transduction	0	0	0	0	75	0	96	Not-3mer-Inversion	High-confident	6010
13	79259787	79259787	79259800	13	71	22	66	171	82	28	78.15	142.13	71	22	66	171	82	28	4194:4266	6069:6096	5711:6055	4220:4548	not_transduction	0	0	0	0	66	7	164	Not-3mer-Inversion	High-confident	1835
13	42771389	42771389	42771403	14	14	8	30	43	32	23	83.95	80.71	14	8	30	43	32	23	5995:6025	5683:5689	5707:5958	5712:6027	not_transduction	0	0	0	30	0	42	1	Not-3mer-Inversion	High-confident	320
13	85871601	85871601	85871608	7	53	25	66	144	4	29	92.1	121.65	53	25	66	144	4	29	5300:5370	6011:6019	5532:6080	5340:5872	not_transduction	0	0	0	0	66	2	142	Not-3mer-Inversion	High-confident	340
13	91626231	91626216	91626231	15	18	60	118	124	20	41	137.63	67.55	18	60	118	124	20	41	6047:6088	4494:4566	4522:4922	5747:6061	not_transduction	0	0	0	114	4	123	1	Not-3mer-Inversion	High-confident	1539
13	86340152	86340152	86340149	3	16	14	40	58	8	14	100.89	90.77	16	14	40	58	8	14	5384:5450	5973:6000	5625:6044	5425:5644	not_transduction	0	0	0	0	40	0	58	Not-3mer-Inversion	High-confident	19
13	104296225	104296225	104296238	13	51	13	69	126	0	52	97.47	130.16	51	13	69	126	0	52	5070:5136	6016:6019	5508:6030	5106:5618	not_transduction	0	0	0	0	69	1	125	Not-3mer-Inversion	High-confident	110
12	126802928	126802928	126802943	15	17	11	40	60	10	12	76.74	105.24	17	11	40	60	10	12	14:77	5973:6010	5762:6036	50:590	not_transduction	0	0	0	0	40	0	60	Not-3mer-Inversion	High-confident	5986
12	43256972	43256972	43256985	13	44	10	68	115	42	15	55.23	98.57	44	10	68	115	42	15	4901:4968	5974:6005	5678:6050	4930:5172	not_transduction	0	0	0	0	68	0	115	Not-3mer-Inversion	High-confident	1120
12	28226412	28226412	28226427	15	16	14	28	50	2	15	92.85	98.78	16	14	28	50	2	15	15:74	5982:6027	5521:6045	53:342	not_transduction	0	0	0	1	27	0	50	Not-3mer-Inversion	High-confident	5992
12	12933679	12933679	12933694	15	30	3	36	76	24	5	85.29	104.14	30	3	36	76	24	5	4279:4347	6022:6023	5694:6034	4311:4584	not_transduction	0	0	0	0	36	1	75	Not-3mer-Inversion	High-confident	1723
12	117814446	117814446	117814460	14	7	6	10	47	2	7	78.85	77.9	7	6	10	47	2	7	15:33	6019:6044	5918:6117	50:382	not_transduction	0	0	0	0	10	1	46	Not-3mer-Inversion	High-confident	6067
12	8105629	8105595	8105629	34	7	8	17	26	20	28	86.58	78.03	7	8	17	26	20	28	6017:6018	5887:5940	5926:6013	5925:6053	not_transduction	0	0	0	17	0	26	0	Not-3mer-Inversion	High-confident	127
12	47369630	47369625	47369630	5	5	43	115	46	5	2	96.59	51.76	5	43	115	46	5	2	6080:6085	5031:5099	5060:5344	5521:6053	not_transduction	0	0	0	114	1	46	0	Not-3mer-Inversion	High-confident	993
15	100931144	100931144	100931160	16	36	30	43	121	0	33	67.55	107.66	36	30	43	121	0	33	4949:5015	5980:6026	5831:6051	4693:5067	not_transduction	0	0	0	5	38	113	8	3mer-Inversion	High-confident	1358
15	56251147	56251134	56251147	13	6	17	39	44	6	5	100.6	103.42	6	17	39	44	6	5	6071:6097	12:76	50:268	5741:6118	not_transduction	0	0	0	39	0	44	0	Not-3mer-Inversion	High-confident	6068
15	37707889	37707889	37707890	1	11	6	44	67	8	10	86.13	91.64	11	6	44	67	8	10	5403:5464	6015:6019	5654:6056	5432:5936	not_transduction	0	0	0	0	44	2	65	Not-3mer-Inversion	High-confident	282
15	28175790	28175790	28175804	14	12	9	43	52	12	11	77.88	75.39	12	9	43	52	12	11	5686:5711	6018:6031	5725:6053	5715:5964	not_transduction	0	0	0	0	43	0	52	Not-3mer-Inversion	High-confident	239
15	34031838	34031838	34031857	19	27	12	82	98	4	18	78.13	85.38	27	12	82	98	4	18	13:76	6017:6049	5578:6050	48:393	not_transduction	0	0	0	0	82	3	95	Not-3mer-Inversion	High-confident	6002
14	36674760	36674744	36674760	16	19	21	34	46	25	0	71.7	57.46	19	21	34	46	25	0	6017:6045	5850:5900	5888:6036	5894:6059	not_transduction	0	0	0	34	0	46	0	Not-3mer-Inversion	High-confident	171
14	59220402	59220384	59220402	18	7	13	56	53	12	0	95.63	73.34	7	13	56	53	12	0	6067:6096	34:68	57:530	5723:6067	not_transduction	0	0	0	56	0	52	1	Not-3mer-Inversion	High-confident	6010
14	28301251	28301251	28301264	13	19	19	41	30	19	1	113.27	96.1	19	19	41	30	19	1	5983:6017	5623:5652	5650:5972	5674:6030	not_transduction	0	0	0	41	0	30	0	Not-3mer-Inversion	High-confident	380
14	39875097	39875083	39875097	14	8	22	75	45	13	26	111.39	81.05	8	22	75	45	13	26	6093:6106	3091:3151	3115:3490	5594:6045	not_transduction	0	0	0	75	0	45	0	Not-3mer-Inversion	High-confident	2930
17	32813606	32813606	32813645	39	22	11	25	42	59	70	77.72	87.24	22	11	25	42	59	70	5973:6018	5168:5202	5045:5185	5578:6058	not_transduction	0	0	0	1	24	41	1	3mer-Inversion	High-confident	1013
17	15511193	15511178	15511193	15	10	14	43	28	10	10	93.72	94.93	10	14	43	28	10	10	5994:6017	4331:4378	4100:4361	5659:6042	not_transduction	0	0	0	0	43	25	3	3mer-Inversion	High-confident	1942
16	6793826	6793830	6793826	4	8	10	41	36	10	0	87.86	64.88	8	10	41	36	10	0	6077:6096	4629:4643	4645:4981	5783:6065	not_transduction	0	0	0	41	0	36	0	Not-3mer-Inversion	High-confident	1420
16	55292017	55292002	55292017	15	4	22	70	36	10	13	110.71	81.02	4	22	70	36	10	13	6058:6059	4676:4747	4714:5047	5810:6117	not_transduction	0	0	0	69	1	36	0	Not-3mer-Inversion	High-confident	1403
16	31950972	31950972	31950986	14	4	4	9	18	6	0	102.45	88.24	4	4	9	18	6	0	6049:6058	4660:4685	4470:4669	5733:6109	not_transduction	0	0	0	1	8	18	0	3mer-Inversion	High-confident	1639
18	27219186	27219186	27219200	14	7	5	38	47	3	9	91.37	88.88	7	5	38	47	3	9	5043:5054	6056:6062	5825:6047	4885:5063	not_transduction	0	0	0	2	36	42	5	3mer-Inversion	High-confident	1162
18	15095247	15095247	15095260	13	19	6	43	71	0	9	34.48	84.55	19	6	43	71	0	9	12:74	5968:6003	5797:6039	52:511	not_transduction	0	0	0	1	42	2	69	Not-3mer-Inversion	High-confident	5987
